CIRCULATION ACTIVITY by ITEM LOCATION (Sep 13)|
LOC|CHKOUTS|CHKINS|HOLDS|Hl/RECLL|TOTAL #|PERCENT|
cjavs|47|46|3|1|97|      0.1%|
cjcir|242|122|15|1|380|      0.5%|
cjmrs|20|12|1|0|33|      0.0%|
cjpbk|30|28|1|0|59|      0.1%|
cjref|1|1|0|0|2|      0.0%|
cjres|287|283|0|0|570|      0.7%|
cjsup|71|67|0|0|138|      0.2%|
cmavs|49|38|1|0|88|      0.1%|
cmcir|530|299|14|2|845|      1.1%|
cmjuv|18|7|2|0|27|      0.0%|
cmmrs|68|64|6|0|138|      0.2%|
cmovs|8|41|0|0|49|      0.1%|
cmpbk|34|13|0|0|47|      0.1%|
cmref|10|5|0|0|15|      0.0%|
cmres|1438|1420|0|0|2858|      3.7%|
cmsup|2167|2124|0|0|4291|      5.5%|
cravs|5|3|0|0|8|      0.0%|
crcir|7|9|2|0|18|      0.0%|
crmrs|2|2|0|0|4|      0.0%|
crres|5|5|0|0|10|      0.0%|
crsup|2|2|0|0|4|      0.0%|
ctcir|8|6|0|0|14|      0.0%|
ctres|13|11|0|0|24|      0.0%|
cvavs|5|5|0|0|10|      0.0%|
cvcir|26|14|1|0|41|      0.1%|
cvjuv|1|0|1|0|2|      0.0%|
cvres|8|9|0|0|17|      0.0%|
cvsup|13|11|0|0|24|      0.0%|
cwavs|3|2|0|0|5|      0.0%|
cwcir|19|16|5|1|41|      0.1%|
cwjuv|15|10|2|0|27|      0.0%|
cwmrs|6|5|0|0|11|      0.0%|
cwres|198|193|0|0|391|      0.5%|
cwsup|124|122|0|0|246|      0.3%|
eaubk|17|7|0|0|24|      0.0%|
edf  |16|4|0|0|20|      0.0%|
edn  |2|2|0|0|4|      0.0%|
edocs|1|1|0|0|2|      0.0%|
egen |706|325|2|0|1033|      1.3%|
eirc |204|59|1|0|264|      0.3%|
ejuv |176|82|0|0|258|      0.3%|
emsv |84|64|3|0|151|      0.2%|
eover|10|2|0|0|12|      0.0%|
eper |2|0|0|0|2|      0.0%|
erav |6|8|0|0|14|      0.0%|
eref |3|1|0|0|4|      0.0%|
eresv|228|214|0|0|442|      0.6%|
ergen|19|11|0|0|30|      0.0%|
esovo|1|1|0|0|2|      0.0%|
esslg|1|1|0|0|2|      0.0%|
esswo|44|18|0|0|62|      0.1%|
eswlg|2|1|0|0|3|      0.0%|
eswlo|192|109|1|0|302|      0.4%|
faccs|205|195|0|0|400|      0.5%|
fadap|71|63|0|0|134|      0.2%|
fav  |51|32|1|0|84|      0.1%|
fcda |1|1|1|0|3|      0.0%|
fdvd |1843|1285|56|41|3225|      4.1%|
fgc  |2364|1095|41|41|3541|      4.5%|
flap |367|334|0|0|701|      0.9%|
fmin |10|11|0|0|21|      0.0%|
fmous|6|5|0|0|11|      0.0%|
fovs |6|2|1|0|9|      0.0%|
fper |1|1|0|0|2|      0.0%|
fread|17|15|0|0|32|      0.0%|
fref |2|2|1|0|5|      0.0%|
fres |325|312|1|0|638|      0.8%|
froom|649|590|0|0|1239|      1.6%|
fsrec|601|362|4|1|968|      1.2%|
fsto1|12|11|0|0|23|      0.0%|
fstor|24|17|0|2|43|      0.1%|
fxx  |110|58|2|0|170|      0.2%|
fxxov|14|7|1|0|22|      0.0%|
ggc  |378|271|0|0|649|      0.8%|
govs |1|1|0|0|2|      0.0%|
gpop |33|37|0|0|70|      0.1%|
gres |978|896|0|0|1874|      2.4%|
gsc  |1|1|0|0|2|      0.0%|
gtran|49|42|0|0|91|      0.1%|
gvid |87|66|0|0|153|      0.2%|
haud |3|2|0|0|5|      0.0%|
hcatd|0|1|0|0|1|      0.0%|
hgen |514|178|0|2|694|      0.9%|
hjuv |57|18|0|0|75|      0.1%|
hover|15|9|0|0|24|      0.0%|
href |5|5|0|0|10|      0.0%|
hvid |151|115|0|1|267|      0.3%|
iav  |210|166|1|0|377|      0.5%|
icirc|440|268|2|0|710|      0.9%|
inc  |10|9|0|0|19|      0.0%|
iper |2|2|0|0|4|      0.0%|
ires |85|81|0|0|166|      0.2%|
lbgc |1|1|0|0|2|      0.0%|
ncccd|0|1|0|0|1|      0.0%|
nccgc|199|113|0|0|312|      0.4%|
nccq |1|1|0|0|2|      0.0%|
nccs |1|0|0|0|1|      0.0%|
nccv |16|9|0|0|25|      0.0%|
ncegc|1|0|0|0|1|      0.0%|
paccs|10|11|0|0|21|      0.0%|
padap|34|33|0|0|67|      0.1%|
pgc  |4|0|2|0|6|      0.0%|
pgcll|340|157|11|8|516|      0.7%|
plap |255|251|0|0|506|      0.6%|
pmous|40|40|0|0|80|      0.1%|
pread|11|13|0|0|24|      0.0%|
pref |0|1|0|0|1|      0.0%|
pres |254|245|2|0|501|      0.6%|
proom|269|261|0|0|530|      0.7%|
rgen |45|37|0|0|82|      0.1%|
rovs |1|1|0|0|2|      0.0%|
rres |4|0|0|0|4|      0.0%|
saccs|10|8|0|0|18|      0.0%|
sadap|17|15|0|0|32|      0.0%|
scirc|1|1|0|0|2|      0.0%|
sel  |5|1|0|0|6|      0.0%|
sethe|1|1|0|0|2|      0.0%|
sfc  |19|8|0|0|27|      0.0%|
sfcab|61|37|1|0|99|      0.1%|
sfccd|93|61|0|0|154|      0.2%|
sfcdv|488|439|6|2|935|      1.2%|
sfcgc|509|293|4|0|806|      1.0%|
sfcin|4|0|0|0|4|      0.0%|
sfcm |1|0|0|0|1|      0.0%|
sfco |8|3|0|0|11|      0.0%|
sfcrf|2|1|0|0|3|      0.0%|
sfcrv|851|814|0|0|1665|      2.1%|
sfctd|13|8|0|0|21|      0.0%|
sfigc|58|39|0|0|97|      0.1%|
sgc  |42|10|20|1|73|      0.1%|
sgc2 |1554|696|23|22|2295|      2.9%|
sgov |2|2|0|0|4|      0.0%|
slap |724|709|0|0|1433|      1.8%|
smous|61|61|0|0|122|      0.2%|
smpg2|4|7|0|0|11|      0.0%|
smpr2|3|2|0|0|5|      0.0%|
sovs2|1|1|0|0|2|      0.0%|
sper |1|1|0|0|2|      0.0%|
sread|14|14|0|0|28|      0.0%|
sref1|4|3|0|0|7|      0.0%|
sres |660|592|1|7|1260|      1.6%|
sstor|18|5|0|0|23|      0.0%|
tgc  |157|93|2|1|253|      0.3%|
till |49|19|0|0|68|      0.1%|
tovs |4|4|0|0|8|      0.0%|
tper |17|10|0|0|27|      0.0%|
tres |62|55|0|0|117|      0.1%|
tvid |13|15|0|0|28|      0.0%|
vaud |2|0|0|0|2|      0.0%|
vesl |86|20|0|0|106|      0.1%|
vgc  |406|243|2|0|651|      0.8%|
vill |3|2|0|0|5|      0.0%|
vovs |0|9|0|0|9|      0.0%|
vper |13|4|0|0|17|      0.0%|
vres |332|301|0|0|633|      0.8%|
vsff |24|10|1|0|35|      0.0%|
vttf |5|4|0|0|9|      0.0%|
vvid |80|78|1|0|159|      0.2%|
zaccs|16|15|0|0|31|      0.0%|
zadap|925|894|0|0|1819|      2.3%|
zav  |4|0|0|0|4|      0.0%|
zcopy|3|0|0|0|3|      0.0%|
zcsav|4|4|0|0|8|      0.0%|
zcsfa|2|0|0|0|2|      0.0%|
zcsma|1|2|0|0|3|      0.0%|
zcsmm|14|14|0|0|28|      0.0%|
zcsov|21|15|0|0|36|      0.0%|
zcstd|4|3|0|0|7|      0.0%|
zcswr|251|179|0|0|430|      0.6%|
zethe|1|1|0|0|2|      0.0%|
zgc  |487|188|116|16|807|      1.0%|
zgc2 |4097|1888|67|90|6142|      7.9%|
zgc3 |2961|1580|83|45|4669|      6.0%|
zgov |9|4|6|0|19|      0.0%|
zgovm|0|0|1|0|1|      0.0%|
zgovp|0|0|1|0|1|      0.0%|
zgvr0|0|0|1|0|1|      0.0%|
zim  |3|3|0|0|6|      0.0%|
zjv  |852|481|9|6|1348|      1.7%|
zjvl |26|12|1|0|39|      0.0%|
zlap |3777|3697|0|0|7474|      9.6%|
zlarg|14|11|0|0|25|      0.0%|
zmfmm|4|2|0|0|6|      0.0%|
zmous|122|117|0|0|239|      0.3%|
zovs |4|0|0|0|4|      0.0%|
zper |14|14|1|0|29|      0.0%|
zper0|5|0|0|0|5|      0.0%|
zpop |112|66|1|7|186|      0.2%|
zpww |58|32|3|0|93|      0.1%|
zread|24|24|0|0|48|      0.1%|
zres |666|633|0|1|1300|      1.7%|
zroom|2274|2150|0|0|4424|      5.7%|
zstor|32|7|3|0|42|      0.1%|
ztwr |4|7|0|0|11|      0.0%|
zww  |34|13|0|0|47|      0.1%|
2res |0|1|0|0|1|      0.0%|
3arch|2|0|0|0|2|      0.0%|
3cd  |7|12|0|0|19|      0.0%|
3dvd |734|699|2|0|1435|      1.8%|
3dvdx|1|2|0|0|3|      0.0%|
3gc  |622|260|4|0|886|      1.1%|
3govt|4|3|0|0|7|      0.0%|
3ovs |5|3|0|0|8|      0.0%|
3ref |1|0|0|0|1|      0.0%|
3res |654|621|0|0|1275|      1.6%|
3sdoc|1|0|0|0|1|      0.0%|
3spec|1|0|0|0|1|      0.0%|
3thes|9|7|0|0|16|      0.0%|
3vert|48|38|1|0|87|      0.1%|
6av  |3|2|0|0|5|      0.0%|
6clas|176|176|0|0|352|      0.5%|
6desk|12|8|0|0|20|      0.0%|
6faco|1|1|0|0|2|      0.0%|
6ind |16|2|0|0|18|      0.0%|
6land|0|1|0|0|1|      0.0%|
6latn|1|0|0|0|1|      0.0%|
6lrfl|191|106|4|1|302|      0.4%|
6nmex|13|5|1|0|19|      0.0%|
6ref |4|3|0|0|7|      0.0%|
6refp|12|7|0|0|19|      0.0%|
6stor|2|0|0|0|2|      0.0%|
6uftr|9|0|0|0|9|      0.0%|
6upfl|3|0|0|0|3|      0.0%|
7ave |201|199|0|0|400|      0.5%|
7dvd |11|4|0|0|15|      0.0%|
7gc  |89|57|0|0|146|      0.2%|
7res |34|34|0|0|68|      0.1%|
8agen|5|1|0|0|6|      0.0%|
8avid|4|2|0|0|6|      0.0%|
8gen |13|6|0|0|19|      0.0%|
8ref |1|1|0|0|2|      0.0%|
8vid |1|1|0|0|2|      0.0%|
Blank Branch|1|1|5|0|7|      0.0%|
Total|44577|32664|559|300|78100|    100.0%|
