CIRCULATION ACTIVITY by ITEM LOCATION (Jun 13)|
LOC|CHKOUTS|CHKINS|HOLDS|Hl/RECLL|TOTAL #|PERCENT|
cjavs|46|41|5|0|92|      0.2%|
cjcir|258|134|31|0|423|      0.9%|
cjmrs|25|16|1|0|42|      0.1%|
cjpbk|6|6|0|0|12|      0.0%|
cjres|164|164|0|0|328|      0.7%|
cjsup|37|37|0|0|74|      0.2%|
cmavs|59|40|2|0|101|      0.2%|
cmcir|460|277|13|0|750|      1.7%|
cmjuv|31|14|0|0|45|      0.1%|
cmmrs|44|31|4|0|79|      0.2%|
cmovs|8|1|0|0|9|      0.0%|
cmpbk|15|19|0|0|34|      0.1%|
cmref|17|9|1|0|27|      0.1%|
cmres|830|816|0|0|1646|      3.7%|
cmrrf|1|1|0|0|2|      0.0%|
cmsup|1587|1564|0|0|3151|      7.0%|
cravs|1|0|1|0|2|      0.0%|
crcir|8|13|3|0|24|      0.1%|
crmrs|1|1|0|0|2|      0.0%|
crres|8|8|0|0|16|      0.0%|
crsup|10|10|0|0|20|      0.0%|
ctcir|4|2|3|0|9|      0.0%|
cvavs|4|4|0|0|8|      0.0%|
cvcir|8|2|0|0|10|      0.0%|
cvmrs|2|2|0|0|4|      0.0%|
cvref|3|2|0|0|5|      0.0%|
cvsup|2|2|0|0|4|      0.0%|
cwavs|5|4|1|0|10|      0.0%|
cwcir|32|25|6|0|63|      0.1%|
cwjuv|1|1|1|0|3|      0.0%|
cwmrs|37|31|2|0|70|      0.2%|
cwres|166|162|0|0|328|      0.7%|
cwsup|106|94|0|0|200|      0.4%|
eaubk|9|11|0|0|20|      0.0%|
edf  |7|0|0|0|7|      0.0%|
edn  |2|1|0|0|3|      0.0%|
egen |433|186|3|0|622|      1.4%|
eirc |54|75|0|0|129|      0.3%|
eircb|0|1|0|0|1|      0.0%|
ejuv |59|33|0|0|92|      0.2%|
emsv |93|35|0|0|128|      0.3%|
eover|12|0|0|0|12|      0.0%|
erav |4|5|0|0|9|      0.0%|
eref |6|3|0|0|9|      0.0%|
ergen|4|4|0|0|8|      0.0%|
esswo|23|8|0|0|31|      0.1%|
eswlo|117|59|0|0|176|      0.4%|
faccs|80|77|0|0|157|      0.4%|
fadap|9|9|0|0|18|      0.0%|
fal  |1|0|0|0|1|      0.0%|
fav  |23|23|0|0|46|      0.1%|
fdvd |1665|1251|44|21|2981|      6.7%|
fethe|1|1|0|0|2|      0.0%|
fgc  |1367|1386|12|19|2784|      6.2%|
flap |16|15|0|0|31|      0.1%|
fmin |13|7|0|0|20|      0.0%|
fmous|8|7|0|0|15|      0.0%|
fovs |1|0|0|0|1|      0.0%|
fread|9|8|0|0|17|      0.0%|
fres |6|4|0|0|10|      0.0%|
froom|155|143|0|0|298|      0.7%|
fsrec|384|239|0|0|623|      1.4%|
fsto1|3|4|0|0|7|      0.0%|
fstor|54|54|5|0|113|      0.3%|
fxx  |42|12|0|0|54|      0.1%|
fxxov|6|2|0|0|8|      0.0%|
gcd  |1|0|0|0|1|      0.0%|
ggc  |281|206|0|0|487|      1.1%|
govs |1|2|0|0|3|      0.0%|
gpop |35|28|0|0|63|      0.1%|
gres |210|196|0|0|406|      0.9%|
gtran|30|22|0|0|52|      0.1%|
gvid |92|67|0|0|159|      0.4%|
hart |3|0|0|0|3|      0.0%|
haud |1|2|0|0|3|      0.0%|
hgen |350|237|6|4|597|      1.3%|
hjuv |48|52|0|0|100|      0.2%|
hover|6|5|0|0|11|      0.0%|
hvid |153|91|1|0|245|      0.5%|
iav  |56|53|0|0|109|      0.2%|
icirc|51|45|0|0|96|      0.2%|
inc  |2|0|0|0|2|      0.0%|
ncccd|0|1|0|0|1|      0.0%|
nccgc|66|53|0|0|119|      0.3%|
nccq |0|1|0|0|1|      0.0%|
nccv |6|4|0|0|10|      0.0%|
paccs|12|7|0|0|19|      0.0%|
padap|7|8|0|0|15|      0.0%|
pgc  |1|0|0|0|1|      0.0%|
pgcll|296|242|4|7|549|      1.2%|
plap |38|38|0|0|76|      0.2%|
pmous|14|14|0|0|28|      0.1%|
pread|11|7|0|0|18|      0.0%|
pres |53|52|0|0|105|      0.2%|
proom|31|29|0|0|60|      0.1%|
rav  |5|0|0|0|5|      0.0%|
rgen |28|20|0|0|48|      0.1%|
rovs |1|1|0|0|2|      0.0%|
saccs|7|6|0|0|13|      0.0%|
sadap|6|6|0|0|12|      0.0%|
scirc|1|1|0|0|2|      0.0%|
sel  |4|2|0|0|6|      0.0%|
sethe|3|3|0|0|6|      0.0%|
sfc  |4|2|0|0|6|      0.0%|
sfcab|10|11|0|0|21|      0.0%|
sfccd|57|35|1|0|93|      0.2%|
sfcdv|327|295|5|0|627|      1.4%|
sfcgc|341|270|3|0|614|      1.4%|
sfcin|4|2|0|0|6|      0.0%|
sfcm |2|2|0|0|4|      0.0%|
sfco |10|6|0|0|16|      0.0%|
sfcrv|293|277|0|0|570|      1.3%|
sfctd|3|2|0|0|5|      0.0%|
sfigc|103|45|0|0|148|      0.3%|
sfitc|1|0|0|0|1|      0.0%|
sgc  |14|17|0|0|31|      0.1%|
sgc2 |1606|1024|15|13|2658|      5.9%|
sgov |6|2|0|0|8|      0.0%|
slap |56|56|0|0|112|      0.3%|
smous|6|6|0|0|12|      0.0%|
smpg2|0|1|0|0|1|      0.0%|
sovs2|3|4|0|0|7|      0.0%|
sread|9|7|0|0|16|      0.0%|
sref1|1|0|0|0|1|      0.0%|
sres |152|146|0|1|299|      0.7%|
sstor|11|6|0|0|17|      0.0%|
ssw  |0|1|0|0|1|      0.0%|
tcd  |2|0|0|0|2|      0.0%|
tgc  |54|38|4|0|96|      0.2%|
till |43|12|0|0|55|      0.1%|
tovs |6|1|0|0|7|      0.0%|
tper |0|2|0|0|2|      0.0%|
tres |19|15|0|0|34|      0.1%|
tvid |6|3|0|0|9|      0.0%|
vaud |2|0|0|0|2|      0.0%|
vesl |7|7|1|0|15|      0.0%|
vgc  |204|163|3|1|371|      0.8%|
vill |20|9|0|0|29|      0.1%|
vmfm |1|1|0|0|2|      0.0%|
vovs |1|3|0|0|4|      0.0%|
vper |18|4|0|0|22|      0.0%|
vres |52|50|0|0|102|      0.2%|
vsff |8|5|0|0|13|      0.0%|
vvid |23|30|0|0|53|      0.1%|
zaccs|7|8|0|0|15|      0.0%|
zadap|25|25|0|0|50|      0.1%|
zav  |4|1|0|0|5|      0.0%|
zcopy|1|1|0|0|2|      0.0%|
zcsav|4|4|0|0|8|      0.0%|
zcsma|1|0|0|0|1|      0.0%|
zcsmm|24|22|0|0|46|      0.1%|
zcsov|14|13|0|0|27|      0.1%|
zcstd|5|3|0|0|8|      0.0%|
zcswr|159|145|0|0|304|      0.7%|
zethe|2|2|0|0|4|      0.0%|
zgc  |214|128|13|6|361|      0.8%|
zgc2 |3465|2309|33|37|5844|     13.1%|
zgc3 |3333|1933|44|33|5343|     11.9%|
zgov |20|7|0|0|27|      0.1%|
zgvr0|2|0|0|0|2|      0.0%|
zim  |5|5|0|0|10|      0.0%|
zjv  |735|621|7|8|1371|      3.1%|
zjvl |21|15|0|0|36|      0.1%|
zlap |456|455|0|0|911|      2.0%|
zlarg|10|2|0|0|12|      0.0%|
zmfme|1|0|0|0|1|      0.0%|
zmfmm|0|1|0|0|1|      0.0%|
zmous|72|71|0|0|143|      0.3%|
zovs |2|3|0|0|5|      0.0%|
zper |13|5|0|0|18|      0.0%|
zpop |72|49|1|1|123|      0.3%|
zpww |65|39|1|0|105|      0.2%|
zread|24|24|0|0|48|      0.1%|
zref |1|1|0|0|2|      0.0%|
zref1|1|1|1|0|3|      0.0%|
zres |179|166|0|0|345|      0.8%|
zroom|405|388|0|0|793|      1.8%|
zstor|28|12|1|0|41|      0.1%|
ztwr |8|1|0|0|9|      0.0%|
zww  |48|15|0|0|63|      0.1%|
zzip |2|1|0|0|3|      0.0%|
3cd  |0|5|0|0|5|      0.0%|
3dvd |504|464|0|0|968|      2.2%|
3gc  |313|251|6|0|570|      1.3%|
3gdcd|1|1|0|0|2|      0.0%|
3govt|6|5|0|0|11|      0.0%|
3micr|0|1|0|0|1|      0.0%|
3ovs |1|2|0|0|3|      0.0%|
3ref |0|1|0|0|1|      0.0%|
3res |100|74|0|0|174|      0.4%|
3thes|4|4|0|0|8|      0.0%|
3vert|37|27|0|0|64|      0.1%|
6av  |11|1|0|0|12|      0.0%|
6clas|21|20|1|0|42|      0.1%|
6desk|8|2|0|0|10|      0.0%|
6ind |12|4|0|0|16|      0.0%|
6latn|0|2|0|0|2|      0.0%|
6lrfl|589|116|0|1|706|      1.6%|
6nmex|0|1|0|0|1|      0.0%|
6ref |4|0|0|0|4|      0.0%|
6refp|1|0|0|0|1|      0.0%|
6stor|4|0|0|0|4|      0.0%|
6uftr|23|14|0|0|37|      0.1%|
6upfl|20|3|0|0|23|      0.1%|
7ave |177|177|0|0|354|      0.8%|
7cd  |0|2|0|0|2|      0.0%|
7dvd |1|4|0|0|5|      0.0%|
7gc  |26|25|0|0|51|      0.1%|
7ovs |1|1|0|0|2|      0.0%|
7res |2|2|0|0|4|      0.0%|
7vid |2|0|0|0|2|      0.0%|
8agen|13|2|0|9|24|      0.1%|
8avid|7|1|0|0|8|      0.0%|
8gen |7|1|0|0|8|      0.0%|
8vid |3|2|0|0|5|      0.0%|
Blank Branch|0|0|3|0|3|      0.0%|
Total|25373|18948|292|161|44774|    100.0%|
