CIRCULATION ACTIVITY by ITEM LOCATION (Nov 13)|
LOC|CHKOUTS|CHKINS|HOLDS|Hl/RECLL|TOTAL #|PERCENT|
cjavs|49|49|7|0|105|      0.1%|
cjcir|321|320|21|0|662|      0.9%|
cjmrs|12|8|4|0|24|      0.0%|
cjpbk|21|15|0|0|36|      0.0%|
cjres|151|151|0|0|302|      0.4%|
cjsup|84|83|0|0|167|      0.2%|
cmavs|65|38|0|0|103|      0.1%|
cmcir|657|504|13|1|1175|      1.5%|
cmjuv|47|50|0|0|97|      0.1%|
cmmrs|24|26|2|0|52|      0.1%|
cmpbk|45|38|0|0|83|      0.1%|
cmref|15|7|0|0|22|      0.0%|
cmres|705|709|0|0|1414|      1.9%|
cmsup|2167|2121|0|0|4288|      5.6%|
cravs|2|2|0|0|4|      0.0%|
crcir|14|6|8|0|28|      0.0%|
crres|3|3|0|0|6|      0.0%|
crsup|5|5|0|0|10|      0.0%|
ctcir|4|5|6|0|15|      0.0%|
ctres|4|4|0|0|8|      0.0%|
cvavs|13|10|0|0|23|      0.0%|
cvcir|10|15|2|0|27|      0.0%|
cvmrs|1|1|0|0|2|      0.0%|
cvovs|2|2|2|0|6|      0.0%|
cvres|7|8|0|0|15|      0.0%|
cvsup|52|41|0|0|93|      0.1%|
cwavs|5|6|2|0|13|      0.0%|
cwcir|47|38|10|0|95|      0.1%|
cwesl|0|1|0|0|1|      0.0%|
cwjuv|2|0|1|0|3|      0.0%|
cwmrs|9|7|2|0|18|      0.0%|
cwref|1|1|0|0|2|      0.0%|
cwres|129|117|0|0|246|      0.3%|
cwsup|248|227|0|0|475|      0.6%|
eatla|1|0|0|0|1|      0.0%|
eaubk|20|15|0|0|35|      0.0%|
edf  |32|16|0|0|48|      0.1%|
edmfe|2|0|0|0|2|      0.0%|
edn  |2|0|0|0|2|      0.0%|
edspy|1|0|0|0|1|      0.0%|
egen |726|393|3|0|1122|      1.5%|
eirc |68|93|0|0|161|      0.2%|
eircb|4|1|0|0|5|      0.0%|
ejuv |130|116|0|0|246|      0.3%|
emsv |90|36|0|0|126|      0.2%|
eover|3|7|0|0|10|      0.0%|
eper |1|1|0|0|2|      0.0%|
erav |6|10|0|0|16|      0.0%|
eref |5|3|0|0|8|      0.0%|
eresv|115|100|0|0|215|      0.3%|
ergen|21|19|0|0|40|      0.1%|
esswo|39|14|0|0|53|      0.1%|
eswlo|160|94|0|0|254|      0.3%|
faccs|231|223|0|0|454|      0.6%|
fadap|55|53|0|0|108|      0.1%|
fal  |1|0|0|0|1|      0.0%|
fav  |53|39|1|1|94|      0.1%|
fdvd |2094|1548|69|42|3753|      4.9%|
fethe|2|2|0|0|4|      0.0%|
fgc  |2167|1381|25|42|3615|      4.7%|
flap |308|280|0|0|588|      0.8%|
fmin |4|4|0|0|8|      0.0%|
fmous|5|4|0|0|9|      0.0%|
fovs |1|1|0|0|2|      0.0%|
fper |2|2|0|0|4|      0.0%|
fread|12|11|0|0|23|      0.0%|
fref |1|0|0|0|1|      0.0%|
fres |203|182|0|0|385|      0.5%|
froom|733|637|0|0|1370|      1.8%|
fsper|1|1|0|0|2|      0.0%|
fsrec|433|367|1|0|801|      1.1%|
fsto1|10|2|1|0|13|      0.0%|
fstor|33|23|0|0|56|      0.1%|
fxx  |112|63|2|0|177|      0.2%|
gcd  |0|1|0|0|1|      0.0%|
ggc  |574|395|0|0|969|      1.3%|
gnmdc|2|0|0|0|2|      0.0%|
govs |2|2|0|0|4|      0.0%|
gpop |70|45|0|0|115|      0.2%|
gres |828|727|0|0|1555|      2.0%|
gsc  |3|3|0|0|6|      0.0%|
gtran|42|31|0|0|73|      0.1%|
gvid |59|53|0|0|112|      0.1%|
harch|0|2|0|0|2|      0.0%|
hgdnm|3|3|0|0|6|      0.0%|
hgen |435|284|0|0|719|      0.9%|
hjuv |33|38|0|0|71|      0.1%|
hover|11|14|0|0|25|      0.0%|
href |1|1|0|0|2|      0.0%|
hspec|1|0|0|0|1|      0.0%|
hvid |148|104|0|3|255|      0.3%|
iaia |3|2|0|0|5|      0.0%|
iav  |142|119|2|0|263|      0.3%|
icirc|417|297|0|1|715|      0.9%|
inc  |6|7|1|0|14|      0.0%|
iper |0|1|0|0|1|      0.0%|
ires |36|37|0|0|73|      0.1%|
ncc  |39|11|0|0|50|      0.1%|
nccgc|226|167|0|0|393|      0.5%|
nccq |0|3|0|0|3|      0.0%|
nccv |51|8|0|0|59|      0.1%|
paccs|18|18|0|0|36|      0.0%|
padap|41|39|0|0|80|      0.1%|
pgc  |2|4|3|0|9|      0.0%|
pgcll|388|272|5|9|674|      0.9%|
plap |307|303|0|0|610|      0.8%|
pml  |1|0|0|0|1|      0.0%|
pmous|43|41|0|0|84|      0.1%|
pread|11|10|0|0|21|      0.0%|
pres |183|181|0|0|364|      0.5%|
proom|395|384|0|0|779|      1.0%|
rgen |119|49|0|0|168|      0.2%|
saccs|12|12|0|0|24|      0.0%|
sadap|34|34|0|0|68|      0.1%|
sel  |6|3|0|1|10|      0.0%|
sethe|5|5|0|0|10|      0.0%|
sfc  |39|17|0|0|56|      0.1%|
sfcab|95|62|0|0|157|      0.2%|
sfccd|67|73|2|0|142|      0.2%|
sfcdv|637|503|1|2|1143|      1.5%|
sfcgc|694|482|5|0|1181|      1.6%|
sfcin|5|5|0|0|10|      0.0%|
sfcm |2|3|0|0|5|      0.0%|
sfco |13|18|0|0|31|      0.0%|
sfcrf|0|1|0|0|1|      0.0%|
sfcrv|353|349|0|0|702|      0.9%|
sfctd|3|3|0|0|6|      0.0%|
sfigc|37|19|0|0|56|      0.1%|
sgc  |24|0|16|0|40|      0.1%|
sgc2 |1095|604|15|20|1734|      2.3%|
sgov |1|1|0|0|2|      0.0%|
slap |621|615|0|0|1236|      1.6%|
smapg|11|1|0|0|12|      0.0%|
smous|28|28|0|0|56|      0.1%|
smpg2|47|4|0|0|51|      0.1%|
smpr2|0|1|0|0|1|      0.0%|
sovs2|5|0|0|0|5|      0.0%|
sread|9|10|0|0|19|      0.0%|
sref1|14|8|0|0|22|      0.0%|
sres |397|357|1|2|757|      1.0%|
sstor|11|11|0|0|22|      0.0%|
tgc  |144|81|2|0|227|      0.3%|
till |43|38|0|0|81|      0.1%|
tovs |6|1|0|0|7|      0.0%|
tper |12|8|0|0|20|      0.0%|
tres |27|16|0|0|43|      0.1%|
tvid |15|16|0|0|31|      0.0%|
vaud |0|1|0|0|1|      0.0%|
vesl |11|15|0|0|26|      0.0%|
vgc  |225|271|2|0|498|      0.7%|
vill |0|1|0|0|1|      0.0%|
vovs |5|6|0|0|11|      0.0%|
vper |2|0|0|0|2|      0.0%|
vres |197|190|0|0|387|      0.5%|
vsff |4|2|0|0|6|      0.0%|
vttf |0|2|0|0|2|      0.0%|
vvid |48|37|0|0|85|      0.1%|
zaccs|18|18|0|0|36|      0.0%|
zadap|944|914|0|0|1858|      2.4%|
zav  |2|0|0|0|2|      0.0%|
zcopy|7|0|0|1|8|      0.0%|
zcsav|2|1|0|0|3|      0.0%|
zcsma|2|3|0|0|5|      0.0%|
zcsmm|6|4|0|0|10|      0.0%|
zcsov|4|1|0|0|5|      0.0%|
zcstd|8|7|0|0|15|      0.0%|
zcswr|181|149|0|0|330|      0.4%|
zethe|8|8|0|0|16|      0.0%|
zgc  |579|306|113|16|1014|      1.3%|
zgc-2|0|0|1|0|1|      0.0%|
zgc2 |4241|2307|75|94|6717|      8.8%|
zgc3 |2565|1905|45|64|4579|      6.0%|
zgov |36|9|4|1|50|      0.1%|
zgovp|0|0|1|0|1|      0.0%|
zim  |6|5|0|0|11|      0.0%|
zjv  |929|867|8|10|1814|      2.4%|
zjvl |25|27|3|0|55|      0.1%|
zjvo |1|0|0|0|1|      0.0%|
zlap |3921|3829|0|0|7750|     10.2%|
zlarg|14|9|0|0|23|      0.0%|
zmfmm|2|3|1|0|6|      0.0%|
zmous|59|60|0|0|119|      0.2%|
zovs |7|2|1|0|10|      0.0%|
zper |3|5|0|0|8|      0.0%|
zpop |118|87|3|3|211|      0.3%|
zpww |46|50|2|0|98|      0.1%|
zread|23|20|0|0|43|      0.1%|
zref |2|0|0|0|2|      0.0%|
zref1|2|0|0|0|2|      0.0%|
zres |411|404|1|0|816|      1.1%|
zroom|2434|2256|0|0|4690|      6.2%|
zstor|7|4|2|0|13|      0.0%|
ztwr |10|8|3|0|21|      0.0%|
zww  |22|20|1|1|44|      0.1%|
3atls|0|1|0|0|1|      0.0%|
3cd  |7|0|0|0|7|      0.0%|
3dvd |828|823|0|0|1651|      2.2%|
3dvdx|1|5|0|0|6|      0.0%|
3gc  |503|496|37|1|1037|      1.4%|
3govt|2|7|0|0|9|      0.0%|
3maps|0|3|0|0|3|      0.0%|
3ovs |1|1|0|0|2|      0.0%|
3ref |4|0|0|0|4|      0.0%|
3res |350|449|0|0|799|      1.0%|
3thes|9|9|0|0|18|      0.0%|
3vert|57|51|0|0|108|      0.1%|
6av  |1|0|0|0|1|      0.0%|
6clas|179|174|0|0|353|      0.5%|
6clin|0|4|0|0|4|      0.0%|
6desk|6|5|0|0|11|      0.0%|
6ind |62|3|0|0|65|      0.1%|
6indn|1|0|0|0|1|      0.0%|
6latn|1|1|0|0|2|      0.0%|
6lrfl|157|120|0|0|277|      0.4%|
6nmex|0|1|0|0|1|      0.0%|
6ref |3|1|0|0|4|      0.0%|
6refp|0|1|0|0|1|      0.0%|
6stor|4|0|0|0|4|      0.0%|
6uftr|18|10|0|0|28|      0.0%|
6upfl|6|1|0|0|7|      0.0%|
7ave |212|210|0|0|422|      0.6%|
7dvd |5|1|0|0|6|      0.0%|
7gc  |92|37|0|0|129|      0.2%|
7ovs |1|0|0|0|1|      0.0%|
7res |17|17|0|0|34|      0.0%|
8agen|9|8|0|0|17|      0.0%|
8avid|7|4|1|0|12|      0.0%|
8gen |5|0|0|0|5|      0.0%|
Blank Branch|0|0|6|0|6|      0.0%|
Total|41645|33660|545|315|76165|    100.0%|
