CIRCULATION ACTIVITY by ITEM LOCATION (Oct 13)|
LOC|CHKOUTS|CHKINS|HOLDS|Hl/RECLL|TOTAL #|PERCENT|
cjavs|74|55|6|0|135|      0.2%|
cjcir|442|244|18|0|704|      0.8%|
cjmrs|28|22|2|0|52|      0.1%|
cjpbk|22|20|1|0|43|      0.1%|
cjres|200|200|0|0|400|      0.5%|
cjsup|87|87|0|0|174|      0.2%|
cmavs|85|53|5|0|143|      0.2%|
cmcir|665|386|24|1|1076|      1.3%|
cmjuv|67|41|0|0|108|      0.1%|
cmmrs|36|23|4|0|63|      0.1%|
cmovs|3|7|0|0|10|      0.0%|
cmpbk|52|33|0|0|85|      0.1%|
cmref|14|5|0|0|19|      0.0%|
cmres|1184|1172|0|0|2356|      2.8%|
cmsup|2564|2537|0|0|5101|      6.1%|
cravs|2|4|2|0|8|      0.0%|
crcir|14|8|4|0|26|      0.0%|
crres|9|8|0|0|17|      0.0%|
crsup|7|7|0|0|14|      0.0%|
ctcir|12|11|1|0|24|      0.0%|
ctres|14|14|0|0|28|      0.0%|
cvavs|13|5|0|0|18|      0.0%|
cvcir|16|14|2|0|32|      0.0%|
cvjuv|1|2|0|0|3|      0.0%|
cvmrs|2|0|0|0|2|      0.0%|
cvres|14|9|0|0|23|      0.0%|
cvsup|29|26|0|0|55|      0.1%|
cwavs|6|3|0|0|9|      0.0%|
cwcir|66|38|5|0|109|      0.1%|
cwesl|1|0|0|0|1|      0.0%|
cwjuv|2|13|0|0|15|      0.0%|
cwmrs|3|2|0|0|5|      0.0%|
cwref|9|8|0|0|17|      0.0%|
cwres|186|180|0|0|366|      0.4%|
cwsup|281|277|0|0|558|      0.7%|
eaubk|28|15|0|0|43|      0.1%|
edf  |33|22|0|0|55|      0.1%|
edn  |4|1|0|0|5|      0.0%|
edocs|2|1|0|0|3|      0.0%|
egen |793|381|2|0|1176|      1.4%|
eirc |162|111|0|0|273|      0.3%|
ejuv |222|154|0|0|376|      0.5%|
emsv |93|72|0|0|165|      0.2%|
eover|7|5|0|0|12|      0.0%|
eper |6|1|0|0|7|      0.0%|
epero|1|1|0|0|2|      0.0%|
erav |28|16|0|0|44|      0.1%|
eref |4|3|0|0|7|      0.0%|
eresv|86|82|0|0|168|      0.2%|
ergen|49|22|0|0|71|      0.1%|
esarc|1|0|0|0|1|      0.0%|
esovo|0|1|0|0|1|      0.0%|
esslg|1|1|0|0|2|      0.0%|
esswo|20|19|0|0|39|      0.0%|
eswlo|166|107|0|0|273|      0.3%|
faccs|200|188|0|0|388|      0.5%|
fadap|68|65|0|0|133|      0.2%|
fav  |68|51|3|1|123|      0.1%|
fcda |3|1|0|0|4|      0.0%|
fdvd |2068|1505|60|31|3664|      4.4%|
fethe|1|1|0|0|2|      0.0%|
fgc  |2473|1161|54|45|3733|      4.5%|
flap |343|319|0|0|662|      0.8%|
fmin |11|5|0|0|16|      0.0%|
fmous|8|7|0|0|15|      0.0%|
fovs |2|4|0|0|6|      0.0%|
fper |3|3|0|0|6|      0.0%|
fread|10|10|0|0|20|      0.0%|
fref |1|1|1|0|3|      0.0%|
fres |373|324|0|0|697|      0.8%|
froom|761|672|0|0|1433|      1.7%|
fsrec|497|379|9|1|886|      1.1%|
fsto1|8|5|2|0|15|      0.0%|
fstor|36|29|5|0|70|      0.1%|
fxx  |81|56|0|0|137|      0.2%|
fxxov|6|5|1|0|12|      0.0%|
gcd  |12|0|0|0|12|      0.0%|
ggc  |444|282|0|0|726|      0.9%|
gpop |31|26|0|0|57|      0.1%|
gres |1090|997|0|0|2087|      2.5%|
gsc  |1|1|0|0|2|      0.0%|
gtran|39|38|0|0|77|      0.1%|
gvid |86|78|0|0|164|      0.2%|
harch|4|0|0|0|4|      0.0%|
hart |0|2|0|0|2|      0.0%|
haud |4|5|0|0|9|      0.0%|
hcdrm|1|0|0|0|1|      0.0%|
hgdnm|3|0|0|0|3|      0.0%|
hgen |656|277|2|3|938|      1.1%|
hjuv |44|34|0|0|78|      0.1%|
hover|32|13|0|0|45|      0.1%|
hvid |128|92|2|1|223|      0.3%|
iav  |198|172|0|0|370|      0.4%|
icirc|478|344|3|1|826|      1.0%|
inc  |17|13|0|0|30|      0.0%|
iper |4|3|0|0|7|      0.0%|
iref |1|1|0|0|2|      0.0%|
ires |94|87|0|0|181|      0.2%|
ncccd|2|0|0|0|2|      0.0%|
nccgc|322|96|0|0|418|      0.5%|
nccq |3|0|0|0|3|      0.0%|
nccs |0|1|0|0|1|      0.0%|
nccv |88|16|0|0|104|      0.1%|
ncegc|1|1|0|0|2|      0.0%|
paccs|29|28|0|0|57|      0.1%|
padap|29|28|0|0|57|      0.1%|
pgc  |7|2|3|0|12|      0.0%|
pgcll|335|149|9|6|499|      0.6%|
phres|1|0|0|0|1|      0.0%|
plap |281|277|0|0|558|      0.7%|
pml  |0|1|0|0|1|      0.0%|
pmous|41|41|0|0|82|      0.1%|
povs |1|0|0|0|1|      0.0%|
pread|10|8|0|0|18|      0.0%|
pres |232|227|0|0|459|      0.6%|
proom|362|345|0|0|707|      0.9%|
rgen |70|40|0|0|110|      0.1%|
rres |2|2|0|0|4|      0.0%|
saccs|13|12|0|0|25|      0.0%|
sadap|44|44|0|0|88|      0.1%|
sel  |4|1|0|0|5|      0.0%|
sethe|1|1|0|0|2|      0.0%|
sfc  |33|12|0|0|45|      0.1%|
sfcab|91|81|1|0|173|      0.2%|
sfccd|112|98|0|0|210|      0.3%|
sfcdv|549|471|3|1|1024|      1.2%|
sfcgc|598|443|2|2|1045|      1.3%|
sfcin|9|8|0|0|17|      0.0%|
sfcm |5|4|0|0|9|      0.0%|
sfco |16|8|0|0|24|      0.0%|
sfcrf|3|1|0|0|4|      0.0%|
sfcrv|571|549|0|0|1120|      1.3%|
sfctd|16|12|0|0|28|      0.0%|
sfigc|64|53|0|0|117|      0.1%|
sgc  |34|7|20|0|61|      0.1%|
sgc2 |1033|613|28|29|1703|      2.1%|
sgov |2|0|0|0|2|      0.0%|
slap |850|836|0|0|1686|      2.0%|
smapg|9|0|0|0|9|      0.0%|
smous|47|47|0|0|94|      0.1%|
smpg2|24|0|0|0|24|      0.0%|
smpr2|1|0|0|0|1|      0.0%|
sovs2|3|4|0|0|7|      0.0%|
sread|16|12|0|0|28|      0.0%|
sref1|3|3|0|1|7|      0.0%|
sres |485|448|1|2|936|      1.1%|
sstor|9|4|0|0|13|      0.0%|
ssw  |1|1|0|1|3|      0.0%|
tcd  |2|2|0|0|4|      0.0%|
tgc  |173|91|5|1|270|      0.3%|
till |75|38|0|0|113|      0.1%|
tovs |0|3|0|0|3|      0.0%|
tper |12|5|0|0|17|      0.0%|
tres |38|33|0|0|71|      0.1%|
tvid |37|30|1|0|68|      0.1%|
vesl |26|49|0|0|75|      0.1%|
vgc  |348|282|0|0|630|      0.8%|
vill |2|2|0|0|4|      0.0%|
vovs |1|0|0|0|1|      0.0%|
vper |5|13|0|0|18|      0.0%|
vres |259|263|0|0|522|      0.6%|
vsff |8|11|0|0|19|      0.0%|
vttf |2|2|0|0|4|      0.0%|
vvid |65|53|0|0|118|      0.1%|
zaccs|22|22|0|0|44|      0.1%|
zadap|1110|1080|0|0|2190|      2.6%|
zav  |6|0|0|0|6|      0.0%|
zcopy|8|2|0|1|11|      0.0%|
zcsan|1|1|0|0|2|      0.0%|
zcsav|5|1|0|0|6|      0.0%|
zcsfa|2|2|0|0|4|      0.0%|
zcsma|1|1|0|0|2|      0.0%|
zcsmm|8|5|0|0|13|      0.0%|
zcsov|20|22|0|0|42|      0.1%|
zcstd|13|12|0|0|25|      0.0%|
zcswr|260|224|0|0|484|      0.6%|
zethe|3|3|0|0|6|      0.0%|
zgc  |519|228|125|14|886|      1.1%|
zgc-2|1|0|0|0|1|      0.0%|
zgc2 |4093|1826|102|136|6157|      7.4%|
zgc3 |3244|1571|94|50|4959|      6.0%|
zgov |33|9|3|0|45|      0.1%|
zgovm|2|1|0|0|3|      0.0%|
zim  |8|0|1|0|9|      0.0%|
zjv  |807|666|7|7|1487|      1.8%|
zjvl |23|20|5|1|49|      0.1%|
zlap |4435|4330|0|0|8765|     10.6%|
zlarg|6|9|1|0|16|      0.0%|
zmfmm|0|2|0|0|2|      0.0%|
zmous|91|90|0|0|181|      0.2%|
zovs |1|1|0|0|2|      0.0%|
zper |2|18|1|0|21|      0.0%|
zper0|0|1|0|0|1|      0.0%|
zpop |102|70|0|3|175|      0.2%|
zpww |56|31|2|1|90|      0.1%|
zread|34|33|0|0|67|      0.1%|
zref |1|0|0|0|1|      0.0%|
zres |534|505|1|0|1040|      1.3%|
zroom|2717|2560|0|0|5277|      6.4%|
zstor|7|12|0|0|19|      0.0%|
ztwr |14|3|2|0|19|      0.0%|
zww  |28|17|1|1|47|      0.1%|
3arch|0|2|0|0|2|      0.0%|
3atls|2|0|0|0|2|      0.0%|
3cd  |3|8|0|0|11|      0.0%|
3dvd |812|809|0|0|1621|      2.0%|
3gc  |458|355|2|0|815|      1.0%|
3govm|0|1|0|0|1|      0.0%|
3govt|7|4|0|0|11|      0.0%|
3maps|6|3|0|0|9|      0.0%|
3ovs |5|6|0|0|11|      0.0%|
3res |485|484|0|0|969|      1.2%|
3spec|4|2|0|0|6|      0.0%|
3thes|12|1|0|0|13|      0.0%|
3vert|85|94|1|1|181|      0.2%|
6av  |2|2|0|0|4|      0.0%|
6clas|178|177|0|0|355|      0.4%|
6desk|2|2|0|0|4|      0.0%|
6ind |27|6|0|0|33|      0.0%|
6lrfl|144|91|1|0|236|      0.3%|
6ref |4|3|0|0|7|      0.0%|
6refp|3|1|0|0|4|      0.0%|
6uftr|3|3|0|0|6|      0.0%|
6upfl|2|0|0|0|2|      0.0%|
7ave |227|222|0|0|449|      0.5%|
7dvd |10|2|0|0|12|      0.0%|
7gc  |86|40|0|0|126|      0.2%|
7ovs |1|0|0|0|1|      0.0%|
7res |14|14|0|0|28|      0.0%|
8agen|6|2|0|0|8|      0.0%|
8avid|4|1|0|0|5|      0.0%|
8gen |0|5|0|0|5|      0.0%|
Blank Branch|0|0|5|0|5|      0.0%|
Total|46628|35415|645|342|83030|    100.0%|
